7.200000000000000000e+01 6.335446371051772774e-02
1.440000000000000000e+02 5.615462482854127052e-02
2.160000000000000000e+02 5.672215249873488463e-02
2.880000000000000000e+02 5.617714371909187515e-02
3.600000000000000000e+02 5.445983847746845019e-02
4.320000000000000000e+02 5.220878331180869858e-02
5.040000000000000000e+02 5.357852581661120411e-02
5.760000000000000000e+02 5.295754576229683153e-02
6.480000000000000000e+02 5.260629869570209588e-02
7.200000000000000000e+02 5.440385650363736836e-02
